1 Denso Hilux2009 Indutivo 2.5 150 500 250 32 43 9 23 2.5 1000 500 420 42 63 11 26 2.5 1000 500 790 67 93 23 37 2.5 1000 500 1300 94 109 31 47 250 1000 500 790 38 56 11 27
1 Denso Hilux2009 Indutivo 2.5 150 500 250 32 43 9 23 2.5 1000 500 420 42 63 11 26 2.5 1000 500 790 67 93 23 37 2.5 1000 500 1300 94 109 31 47 250 1000 500 790 38 56 11 27
1 Denso Triton2012 Indutivo 2.5 150 500 250 39 68 10 23 2.5 400 500 420 59 82 11 34 2.5 1000 500 790 86 109 22 36 2.5 1000 500 1300 109 136 34 53 250 1000 500 790 39 79 13 27
0 Bosch 0445120342 Indutivo 2.5 150 500 250 23 37 10 23 2 400 500 420 46 59 14 26 2 1000 500 790 76 93 17 29 2 1000 500 1300 109 124 23 38 250 1000 500 790 26 43 8 19
0 Bosch 0445110375 Indutivo 2.5 150 500 250 21 39 6 15 2 400 500 420 38 52 10 19 2 1000 500 790 72 86 12 23 2 1000 500 1500 96 115 23 37 250 1000 500 790 28 53 9 17
0 Bosch 0445110520 Indutivo 2.5 150 500 250 20 39 7 18 2 400 500 420 31 47 10 21 2 1000 500 790 52 67 17 29 2 1000 500 1400 72 89 23 39 250 1000 500 790 20 46 7 18
0 Bosch 0445110265 Indutivo 2.5 150 500 250 22 39 8 16 2 400 500 420 29 43 8 19 2 1000 500 790 52 64 11 29 2 1000 500 1300 72 89 14 32 250 1000 500 790 12 27 7 18
0 Bosch 0445120002 Indutivo 2.5 150 500 250 32 47 16 27 2 400 500 390 39 55 11 22 2 1000 500 790 56 71 11 27 2 1000 500 1300 74 101 19 32 250 1000 500 790 21 49 9 27
0 Bosch 0445110273 Indutivo 2.5 150 500 250 15 37 11 22 2 400 500 390 24 43 15 29 2 1000 500 790 36 57 16 35 2 1000 500 1400 54 93 18 35 250 1000 500 790 21 47 12 27
3 Siemens 77550 Piezo 1.5 150 500 250 12 39 8 17 1 400 500 390 29 49 10 21 1 1000 500 790 37 61 8 24 1 1000 500 1300 57 93 15 39 250 1000 500 790 32 63 11 29
1 Denso D20798 Indutivo 2.5 150 500 250 36 49 11 27 2 400 500 390 49 74 15 27 2 1000 500 790 79 96 26 39 2 1000 500 1400 108 125 32 47 250 1000 500 790 56 71 12 28
1 Denso 2367030270 Piezo 1 400 500 250 19 39 0 5 1 400 500 390 32 49 0 8 1 400 500 790 49 68 0 19 1 400 500 1000 60 76 0 23 250 1000 500 790 39 46 0 17
1 Denso Hilux_6F_2012 Piezo 1 400 500 250 19 39 0 5 1 400 500 390 32 49 0 8 1 400 500 790 49 68 0 19 1 400 500 1000 60 76 0 23 250 1000 500 790 39 46 0 17
0 Bosch 0445110248 Indutivo 2.5 150 500 250 10 43 6 23 2 400 500 390 23 52 14 27 2 1000 500 790 34 79 13 37 2 1000 500 1300 79 118 28 46 250 1000 500 790 28 73 14 35
0 Bosch 0445110189 Indutivo 2.5 150 500 250 12 34 8 16 2 400 500 390 16 43 6 29 2 1000 500 790 29 65 11 39 2 1000 500 1300 72 114 24 62 250 1000 500 790 26 67 7 35
0 Bosch 0445110190 Indutivo 2.5 150 500 250 12 34 8 16 2 400 500 390 16 43 6 29 2 1000 500 790 29 65 11 39 2 1000 500 1300 72 114 24 62 250 1000 500 790 26 67 7 35
0 Bosch 0445120089 Indutivo 2.5 150 500 250 12 43 8 27 2 400 500 390 16 53 6 36 2 1000 500 790 52 89 11 54 2 1000 500 1300 74 122 14 67 250 1000 500 790 48 87 10 57
0 Bosch 0445120007 Indutivo 2.5 150 500 250 14 49 8 33 2.5 400 500 390 16 58 10 48 2.5 1000 500 790 52 89 15 56 2.5 1000 500 1300 86 125 20 73 250 1000 500 790 53 86 16 59
0 Bosch 0445120043 Indutivo 2.5 150 500 250 14 52 8 37 2.5 400 500 390 16 63 10 42 2.5 1000 500 790 28 79 15 57 2.5 1000 500 1300 65 106 20 69 250 1000 500 790 26 82 14 57
0 Bosch Frontier Indutivo 2.5 1000 500 350 44 67 4 16 2.5 1000 500 390 57 76 10 27 2.5 1000 500 790 74 108 16 39 2.5 1000 500 1300 96 130 25 43 250 1000 500 790 75 109 13 38
0 Bosch 0445120257 Indutivo 2.5 150 500 250 40 66 8 29 2 400 500 390 43 78 10 37 2 1000 500 790 78 100 16 49 2 1000 400 1500 104 125 19 58 250 1000 500 790 52 89 13 47
0 Bosch 0445120186 Indutivo 2.5 150 500 250 26 53 13 29 2 400 500 390 31 64 16 49 2 1000 500 790 50 79 11 58 2 1000 500 1500 73 97 15 76 250 1000 500 790 34 78 13 55
0 Bosch 0445120140 Indutivo 2.5 150 500 250 27 48 11 29 2 400 500 420 38 59 12 27 2 1000 500 790 58 82 17 33 2 1000 500 1300 84 100 19 49 250 1000 500 790 29 54 13 31
0 Bosch 0445120120 Indutivo 2.5 150 500 250 12 49 9 30 2 400 500 420 20 58 12 40 2 1000 500 790 58 79 16 56 2 1000 500 1300 75 106 34 69 250 1000 500 790 39 76 14 59
0 Bosch 0445110424/418 Indutivo 2.5 150 500 250 12 39 6 21 2 400 500 420 21 43 8 23 2 1000 500 790 40 67 13 34 2 1000 500 1300 48 89 16 32 250 1000 500 790 33 69 11 31
0 Bosch 0445120212 Indutivo 2.5 150 500 250 10 43 8 29 2 400 500 420 21 59 10 38 2 1000 500 790 42 79 13 59 2 1000 500 1300 65 99 20 63 250 1000 500 790 38 77 11 58
2 Delphi HR_Sprinter Indutivo 2.5 150 500 250 16 41 10 30 2 400 500 420 18 46 9 33 2 1000 500 790 31 66 8 37 2 1000 500 1300 53 95 10 49 250 1000 500 790 37 69 9 34
3 Siemens Ranger3.2_2014 Piezo 1.5 150 500 250 12 37 9 25 1 400 500 390 27 44 11 31 1 1000 500 790 36 67 14 39 1 1000 500 1300 42 81 17 48 250 1000 500 790 31 64 13 39
0 Bosch Amarok2.0_2010 Piezo 1.5 150 500 250 06 37 4 25 1 400 500 390 12 41 7 34 1 1000 500 790 24 66 12 38 1 1000 500 1300 54 97 15 43 250 1000 500 790 14 62 5 32
0 Bosch 0445110141 Indutivo 2.5 150 500 250 12 34 8 16 2 400 500 390 16 43 6 29 2 1000 500 790 29 65 11 39 2 1000 500 1300 72 114 24 62 250 1000 500 790 26 67 7 35
0 Bosch 0445116059daily Indutivo 2.5 150 500 250 14 43 5 28 2 400 500 390 16 59 6 35 2 1000 500 790 22 65 11 39 2 1000 500 1300 63 109 24 62 250 1000 500 790 26 67 7 35
1 Denso S10_2013+ Indutivo 2.5 150 500 250 33 68 10 29 2 400 500 420 59 86 11 34 2 1000 500 790 79 109 19 38 2 1000 500 1300 103 136 31 50 250 1000 500 790 59 99 19 36
1 Denso Hilux_6F_2016 Indutivo 2.5 400 500 250 30 62 11 35 2 400 500 390 50 79 13 39 2 400 500 790 81 106 14 43 2 400 500 1000 94 126 29 62 250 1000 500 790 30 97 12 48
0 Bosch 0445120327 Indutivo 2.5 150 500 250 43 74 8 36 2 400 500 390 50 79 10 39 2 1000 500 790 74 99 17 43 2 1000 400 1500 96 126 23 59 250 1000 500 790 49 89 15 48
0 Bosch Fiat_Toro Indutivo 2.5 150 500 250 16 49 6 24 2 400 500 390 31 67 10 29 2 1000 500 790 38 76 14 37 2 1000 500 1400 58 91 19 51 250 1000 500 790 25 74 10 42
0 Bosch 0445110231 Indutivo 2.5 150 500 250 23 39 6 16 2.5 1000 500 420 42 58 9 17 2.5 1000 500 790 53 77 13 23 2.5 1000 500 1300 71 94 15 29 250 1000 500 790 30 69 4 21
0 Bosch Amarok_12+ Indutivo 2.5 1000 500 250 16 49 6 24 2.5 1000 500 420 31 67 10 29 2.5 1000 500 790 38 86 14 37 2.5 1000 500 1400 63 99 16 35 250 1000 500 790 34 79 10 42